0 0.844795 0.069379 0.033090 0.029938
0 0.902463 0.103568 0.026785 0.034035
0 0.934449 0.091594 0.025211 0.032773
0 0.950049 0.061971 0.030566 0.030254
0 0.955879 0.028256 0.038445 0.023957
0 0.742377 0.155566 0.069645 0.073742
0 0.819104 0.270748 0.064301 0.060191
0 0.772471 0.294383 0.059879 0.063344
0 0.991963 0.268068 0.016074 0.037816
0 0.881980 0.419805 0.066492 0.063344
0 0.707395 0.294066 0.070906 0.070906
0 0.640109 0.257984 0.052953 0.057352
0 0.560701 0.226156 0.032777 0.035297
0 0.517527 0.322588 0.039078 0.030254
0 0.316000 0.302102 0.036242 0.032773
0 0.529818 0.415551 0.064285 0.068070
0 0.389113 0.536877 0.058930 0.055465
0 0.452926 0.571701 0.047898 0.040652
0 0.576301 0.590135 0.043172 0.037184
0 0.466949 0.635986 0.046953 0.043176
0 0.504607 0.854846 0.034668 0.023949
0 0.587016 0.844605 0.029937 0.018594
0 0.513432 0.906844 0.033402 0.020797
0 0.605293 0.970500 0.040023 0.025211
0 0.266633 0.737623 0.057180 0.047645
0 0.123914 0.705631 0.053094 0.049918
0 0.079896 0.598535 0.039480 0.026320
0 0.095781 0.531148 0.031312 0.021328
0 0.102814 0.471475 0.043566 0.034488
0 0.103496 0.420877 0.031312 0.019512
0 0.150010 0.385934 0.046285 0.036758
0 0.740164 0.575619 0.031313 0.041293
