0 0.080219 0.099504 0.028680 0.035609
0 0.170031 0.153391 0.026156 0.031828
0 0.253855 0.209643 0.022375 0.035926
0 0.279209 0.236430 0.018941 0.024578
0 0.299691 0.228551 0.021461 0.024578
0 0.334357 0.241314 0.010746 0.015441
0 0.315135 0.263059 0.024613 0.026789
0 0.392820 0.301029 0.018609 0.016395
0 0.405578 0.281180 0.018938 0.019539
0 0.484201 0.333332 0.017363 0.020484
0 0.504686 0.347357 0.021777 0.024582
0 0.489088 0.377453 0.020199 0.022375
0 0.506893 0.370520 0.018621 0.019852
0 0.148742 0.300561 0.030914 0.024895
0 0.675596 0.207965 0.029699 0.026547
0 0.715775 0.305393 0.028129 0.027074
0 0.698051 0.332311 0.031539 0.027340
0 0.753342 0.520773 0.054887 0.059352
0 0.473199 0.667875 0.060992 0.057180
0 0.268504 0.701611 0.056633 0.050152
0 0.348279 0.750074 0.035395 0.029461
0 0.403289 0.783291 0.028844 0.028371
0 0.658127 0.938762 0.053910 0.049609
