0 0.377055 0.218721 0.036594 0.030059
0 0.367904 0.270342 0.052277 0.043129
0 0.349607 0.318047 0.060121 0.045742
0 0.333924 0.364113 0.056199 0.043781
0 0.229303 0.363135 0.026004 0.022215
0 0.195947 0.418797 0.048785 0.059750
0 0.240568 0.429006 0.027605 0.029496
0 0.171576 0.529029 0.024895 0.032145
0 0.255242 0.546678 0.021430 0.034035
0 0.282506 0.605607 0.029934 0.029621
0 0.269266 0.653982 0.046953 0.046324
0 0.257764 0.704875 0.030254 0.026469
0 0.179611 0.737490 0.025840 0.032457
0 0.230348 0.805402 0.034664 0.027102
0 0.103357 0.858029 0.029605 0.026473
0 0.339699 0.835654 0.048531 0.040965
0 0.352619 0.787596 0.040965 0.044434
0 0.366773 0.735699 0.054203 0.047273
0 0.529561 0.623729 0.043184 0.050738
0 0.636555 0.653035 0.049789 0.055781
0 0.687604 0.665955 0.045379 0.058301
0 0.734719 0.676986 0.043805 0.051996
0 0.782145 0.685967 0.024578 0.029621
0 0.807041 0.740484 0.053574 0.048531
0 0.796957 0.793270 0.048531 0.045695
0 0.687447 0.789488 0.043801 0.054516
0 0.636555 0.758447 0.037188 0.032777
0 0.534293 0.731031 0.030570 0.026469
0 0.592592 0.900572 0.021746 0.022691
0 0.758354 0.941225 0.048215 0.044121
0 0.880623 0.923260 0.050105 0.043488
0 0.890551 0.871895 0.040969 0.042227
0 0.978313 0.538342 0.026773 0.025910
