0 0.687342 0.954662 0.041441 0.033816
0 0.827564 0.875703 0.061590 0.054508
0 0.810955 0.751273 0.057777 0.056141
0 0.796254 0.626572 0.053422 0.056145
0 0.897266 0.514393 0.064844 0.077926
0 0.724916 0.269893 0.063223 0.059410
0 0.666922 0.332514 0.063766 0.051785
0 0.637789 0.393504 0.070844 0.047430
0 0.623359 0.532637 0.060500 0.054508
0 0.630709 0.609145 0.077379 0.060500
0 0.641873 0.687016 0.079012 0.067031
0 0.662014 0.778773 0.043090 0.032727
0 0.433855 0.960379 0.071391 0.063766
0 0.426502 0.889043 0.063223 0.052875
0 0.427594 0.818254 0.034906 0.025648
0 0.406355 0.709344 0.064312 0.055055
0 0.258783 0.804639 0.063223 0.057230
0 0.340736 0.427811 0.053965 0.050699
0 0.226104 0.327342 0.047988 0.059957
0 0.162152 0.304469 0.056086 0.062133
0 0.206805 0.132121 0.056086 0.063766
0 0.367990 0.212168 0.048465 0.055055
0 0.557768 0.187121 0.047918 0.052875
0 0.649797 0.114967 0.047922 0.053418
0 0.699322 0.073854 0.053418 0.051785
0 0.747789 0.040908 0.034906 0.040348
