0 0.271354 0.759311 0.033277 0.028777
0 0.313518 0.719604 0.035926 0.031801
0 0.506566 0.661555 0.031008 0.032937
0 0.255471 0.059904 0.029496 0.044285
0 0.419969 0.130811 0.046891 0.045418
0 0.236184 0.285666 0.031766 0.039746
0 0.190236 0.294742 0.030629 0.032180
0 0.247527 0.383799 0.035547 0.036340
0 0.305953 0.441279 0.029875 0.032559
0 0.236373 0.468693 0.034410 0.038988
0 0.457398 0.619201 0.030266 0.032184
0 0.512619 0.559264 0.034035 0.034074
0 0.810229 0.872189 0.029496 0.031426
0 0.841238 0.840805 0.026469 0.029156
0 0.852205 0.772924 0.033277 0.032559
0 0.770709 0.862926 0.032902 0.027266
0 0.745375 0.831734 0.025336 0.030656
0 0.833486 0.735297 0.032145 0.028398
0 0.819873 0.705422 0.036684 0.029914
0 0.804936 0.676313 0.027230 0.025359
0 0.787162 0.646240 0.031012 0.030293
0 0.767875 0.615230 0.032523 0.030289
0 0.698484 0.726979 0.029875 0.026887
