0 0.559010 0.574031 0.061715 0.053094
0 0.586465 0.628031 0.063984 0.048555
0 0.671779 0.633932 0.055816 0.063074
0 0.647273 0.719471 0.063984 0.054457
0 0.681988 0.784590 0.051734 0.047648
0 0.529037 0.060566 0.049965 0.053547
0 0.434648 0.115701 0.048148 0.056723
0 0.385891 0.145879 0.053094 0.054453
0 0.561937 0.181729 0.055859 0.065348
0 0.509979 0.216672 0.048145 0.063531
0 0.454617 0.243217 0.049961 0.065801
0 0.203670 0.319682 0.058129 0.049918
0 0.187809 0.399549 0.047195 0.062621
0 0.238385 0.370279 0.050418 0.059449
0 0.288301 0.337379 0.047695 0.053547
0 0.350697 0.304479 0.048145 0.050371
0 0.403793 0.276117 0.049055 0.058086
0 0.465756 0.415658 0.062168 0.057629
0 0.494117 0.463078 0.064438 0.048102
0 0.522707 0.514811 0.062625 0.055363
0 0.698777 0.857879 0.047195 0.047195
0 0.729637 0.910523 0.060805 0.050812
0 0.690631 0.487107 0.034574 0.027574
0 0.750703 0.447709 0.035672 0.030652
0 0.891186 0.825166 0.045168 0.057512
0 0.947385 0.796146 0.039395 0.046746
0 0.849938 0.599361 0.059750 0.053332
