0 0.689715 0.770486 0.028047 0.025840
0 0.331262 0.931193 0.052328 0.043074
0 0.357127 0.886539 0.059410 0.041984
0 0.522943 0.811664 0.031637 0.025102
0 0.545273 0.769469 0.047969 0.037609
0 0.566053 0.721641 0.044879 0.040305
0 0.451891 0.692863 0.052523 0.044117
0 0.427336 0.738951 0.056461 0.049105
0 0.404357 0.797650 0.033090 0.024676
0 0.987592 0.569766 0.024816 0.039023
0 0.876029 0.564094 0.048559 0.056727
0 0.827246 0.582244 0.046289 0.045832
0 0.663719 0.640178 0.043805 0.046637
0 0.718709 0.616385 0.021426 0.030566
0 0.761725 0.604883 0.041285 0.047273
0 0.913619 0.425730 0.026785 0.034352
0 0.930793 0.375309 0.057984 0.050734
0 0.951119 0.314803 0.046324 0.044434
0 0.934104 0.263904 0.048215 0.039066
0 0.896760 0.167479 0.049160 0.044121
0 0.784887 0.239803 0.028992 0.026785
0 0.794814 0.265957 0.029309 0.023633
0 0.781734 0.347104 0.030883 0.028363
0 0.721074 0.368061 0.026156 0.029941
0 0.803953 0.391066 0.031828 0.029938
0 0.688141 0.274150 0.036555 0.027418
0 0.700904 0.305035 0.034980 0.028047
0 0.479887 0.361207 0.049508 0.053602
0 0.485557 0.433529 0.052027 0.046988
0 0.565602 0.469297 0.050766 0.047305
0 0.827791 0.462521 0.044465 0.054551
0 0.729154 0.495926 0.046355 0.051398
0 0.626895 0.528857 0.046672 0.057387
0 0.579152 0.544928 0.044469 0.057387
0 0.388811 0.598029 0.040684 0.046355
0 0.340455 0.579908 0.045379 0.051082
0 0.294918 0.554066 0.040023 0.044781
0 0.248908 0.532166 0.043176 0.045723
0 0.204475 0.515307 0.042543 0.041629
0 0.148855 0.459527 0.030883 0.029023
0 0.216434 0.434002 0.046984 0.044152
0 0.291451 0.425650 0.028676 0.029340
0 0.032523 0.621615 0.037531 0.027730
0 0.038512 0.648561 0.033750 0.024262
0 0.050959 0.676607 0.025871 0.028676
0 0.066557 0.739477 0.027449 0.027102
0 0.010676 0.948236 0.021352 0.033121
0 0.251855 0.860314 0.020516 0.017996
0 0.266982 0.799510 0.038160 0.029309
0 0.301963 0.729061 0.029340 0.030285
0 0.322287 0.695658 0.033434 0.030285
0 0.211834 0.653604 0.026816 0.034348
0 0.172459 0.627762 0.026785 0.031195
0 0.033408 0.361051 0.045840 0.052789
