0 0.176303 0.116117 0.026887 0.028359
0 0.207143 0.111770 0.025715 0.024203
0 0.393574 0.113471 0.031766 0.039707
0 0.424771 0.155445 0.029871 0.033656
0 0.454061 0.194020 0.030293 0.033656
0 0.563158 0.104773 0.034449 0.033656
0 0.505018 0.423051 0.032457 0.035297
0 0.484850 0.472686 0.036238 0.033090
0 0.460428 0.562625 0.037816 0.034664
0 0.460111 0.603592 0.035926 0.034035
0 0.486740 0.648639 0.053887 0.056754
0 0.467502 0.746961 0.035012 0.032805
0 0.407309 0.875221 0.053289 0.051715
0 0.559525 0.865623 0.059543 0.054520
0 0.340172 0.963836 0.056094 0.052344
0 0.574521 0.989104 0.043488 0.021793
