0 0.696385 0.585035 0.038988 0.052945
0 0.940506 0.319566 0.065801 0.083195
0 0.957900 0.505434 0.038574 0.045000
0 0.911746 0.530391 0.040125 0.050297
0 0.942564 0.604889 0.026887 0.041223
0 0.984434 0.700186 0.031133 0.048027
0 0.886031 0.623229 0.035586 0.038574
0 0.852186 0.544193 0.051090 0.057480
0 0.842920 0.654617 0.032559 0.039328
0 0.791301 0.662937 0.036719 0.043109
0 0.756701 0.579742 0.049957 0.062773
0 0.652707 0.616043 0.033312 0.043109
0 0.734578 0.681844 0.037477 0.042352
0 0.689193 0.710771 0.026902 0.043488
0 0.371572 0.927602 0.079910 0.086719
0 0.145357 0.814834 0.036801 0.051777
0 0.200719 0.794869 0.037711 0.053590
0 0.245871 0.772180 0.037258 0.054500
0 0.332318 0.749490 0.068566 0.072652
0 0.405605 0.718180 0.064484 0.069930
0 0.495002 0.685730 0.040887 0.043156
0 0.056188 0.636723 0.041797 0.052234
0 0.129475 0.621975 0.073105 0.079910
0 0.212064 0.594746 0.068566 0.079914
0 0.294881 0.563662 0.079910 0.079457
0 0.392900 0.521459 0.064480 0.074012
0 0.545602 0.463828 0.061305 0.065844
0 0.634998 0.445223 0.037707 0.039523
