0 0.292871 0.792359 0.040898 0.045742
0 0.110719 0.187637 0.037086 0.027773
0 0.257475 0.274758 0.055051 0.047359
0 0.366387 0.343379 0.031094 0.033219
0 0.487275 0.417437 0.057230 0.051734
0 0.612795 0.495307 0.033816 0.026684
0 0.130596 0.688895 0.056145 0.055547
0 0.089209 0.854166 0.056145 0.053910
0 0.348687 0.825031 0.046883 0.058813
0 0.312230 0.977590 0.047922 0.044820
0 0.790316 0.898273 0.047977 0.057180
0 0.875811 0.656494 0.055598 0.058270
0 0.782693 0.569910 0.063223 0.057180
0 0.721160 0.526619 0.047977 0.050098
0 0.696383 0.426967 0.047430 0.049012
0 0.900859 0.181102 0.045797 0.051734
0 0.831430 0.141895 0.056141 0.061531
0 0.708361 0.040881 0.059410 0.063168
0 0.640021 0.016084 0.056691 0.032168
