0 0.239340 0.372246 0.044281 0.055969
0 0.457352 0.242914 0.046930 0.058992
0 0.402518 0.273357 0.049199 0.059371
0 0.190369 0.397582 0.034832 0.052945
0 0.627852 0.435012 0.065344 0.050414
0 0.494662 0.466098 0.061262 0.049961
0 0.523479 0.516469 0.062621 0.053594
0 0.586102 0.627873 0.058992 0.047691
0 0.611516 0.676430 0.063531 0.053141
0 0.642600 0.725211 0.054004 0.048148
0 0.342598 0.063857 0.048781 0.038949
0 0.480059 0.090139 0.046891 0.052184
0 0.507854 0.147617 0.063910 0.055211
0 0.505375 0.211715 0.050711 0.061641
0 0.737318 0.913115 0.033121 0.028676
0 0.695721 0.861434 0.053918 0.047586
0 0.890629 0.825980 0.046672 0.055461
0 0.945936 0.796988 0.039426 0.046008
0 0.948457 0.699297 0.052031 0.059875
0 0.803654 0.700398 0.049191 0.043805
0 0.771840 0.650768 0.052312 0.047270
0 0.852043 0.601291 0.066492 0.051051
0 0.651303 0.570408 0.046324 0.052941
0 0.350902 0.302287 0.048055 0.053699
0 0.866764 0.322307 0.027574 0.036793
