0 0.950904 0.899354 0.059902 0.052184
0 0.861508 0.969918 0.026320 0.025414
0 0.755547 0.939742 0.057633 0.047648
0 0.767574 0.888916 0.053547 0.040387
0 0.784137 0.839680 0.053094 0.047195
0 0.901896 0.821529 0.029949 0.025410
0 0.919820 0.771611 0.051281 0.039934
0 0.974955 0.536773 0.029949 0.026773
0 0.290273 0.311969 0.047047 0.054891
0 0.363461 0.268840 0.058813 0.044437
0 0.372609 0.214604 0.050969 0.041824
0 0.267402 0.146637 0.053586 0.041805
0 0.342223 0.368820 0.029406 0.027445
0 0.215785 0.539156 0.026367 0.032266
0 0.254586 0.547779 0.028633 0.032262
0 0.281811 0.604730 0.030449 0.026367
0 0.266836 0.652379 0.049508 0.048148
0 0.257988 0.705699 0.030906 0.025914
0 0.387092 0.636270 0.044066 0.048602
0 0.484203 0.605410 0.025914 0.026820
0 0.364402 0.736783 0.047695 0.048145
0 0.353510 0.783523 0.051324 0.041797
0 0.228061 0.801471 0.055363 0.046738
0 0.114363 0.750396 0.054047 0.058129
0 0.341260 0.836617 0.044973 0.045422
0 0.505305 0.822098 0.057227 0.049055
0 0.611266 0.852273 0.044062 0.039523
0 0.636904 0.758338 0.039980 0.034988
0 0.782344 0.688000 0.029539 0.032266
0 0.687729 0.662588 0.041793 0.046785
0 0.576775 0.634455 0.025910 0.035895
0 0.532533 0.615848 0.025457 0.033172
