0 0.258260 0.162920 0.035895 0.044973
0 0.313170 0.180617 0.053137 0.058586
0 0.554359 0.181070 0.046336 0.042250
0 0.616754 0.043572 0.059492 0.045879
0 0.747221 0.042893 0.046332 0.050871
0 0.718633 0.267971 0.064484 0.062668
0 0.636951 0.393217 0.078098 0.056316
0 0.340852 0.429521 0.060398 0.052684
0 0.370801 0.485791 0.058586 0.051777
0 0.386230 0.561119 0.065844 0.057223
0 0.229672 0.578139 0.060398 0.051324
0 0.396213 0.637133 0.073105 0.064938
0 0.422533 0.888758 0.074012 0.059945
0 0.435467 0.961592 0.056316 0.058582
0 0.268471 0.903732 0.042699 0.029996
0 0.677111 0.874689 0.040434 0.029996
0 0.633771 0.752395 0.040887 0.031359
0 0.808709 0.750352 0.057676 0.053594
0 0.628781 0.610355 0.068117 0.059492
0 0.696396 0.451303 0.053590 0.051777
