0 0.313863 0.365781 0.066000 0.069984
0 0.040719 0.165496 0.075148 0.079789
0 0.148865 0.254365 0.087566 0.074559
0 0.135797 0.344217 0.091484 0.080441
0 0.446842 0.162883 0.070574 0.058875
0 0.390971 0.228881 0.081684 0.070637
0 0.346863 0.295861 0.078414 0.072598
0 0.286092 0.436354 0.066652 0.063449
0 0.244596 0.495166 0.073840 0.058223
0 0.313209 0.830719 0.032020 0.044500
0 0.361566 0.855223 0.052930 0.063453
0 0.481150 0.855549 0.054238 0.073254
0 0.491277 0.708521 0.073187 0.087629
0 0.370389 0.701006 0.075801 0.076520
0 0.358953 0.586977 0.069922 0.065414
0 0.440961 0.486016 0.067961 0.055609
0 0.493238 0.426227 0.075805 0.062797
0 0.545842 0.360555 0.082988 0.064758
0 0.577535 0.277891 0.078414 0.062797
0 0.678820 0.249465 0.069266 0.077828
0 0.917986 0.364475 0.056199 0.071293
0 0.831076 0.453018 0.044434 0.051035
0 0.776186 0.523264 0.084949 0.072598
0 0.687967 0.440602 0.039215 0.049727
0 0.655949 0.592205 0.074492 0.077176
0 0.582109 0.634680 0.060117 0.073250
0 0.812125 0.741846 0.045742 0.051035
0 0.763117 0.736293 0.043125 0.054305
0 0.719336 0.738252 0.041820 0.047770
0 0.916682 0.806211 0.043129 0.046461
0 0.901984 0.868945 0.041156 0.046461
0 0.807227 0.866984 0.043781 0.046461
0 0.797424 0.968924 0.037246 0.042543
0 0.752662 0.968924 0.043129 0.042543
0 0.702672 0.967617 0.043781 0.039930
0 0.602041 0.964023 0.041168 0.040578
