0 0.211471 0.975051 0.020082 0.023859
0 0.235074 0.086506 0.028680 0.032488
0 0.206396 0.077838 0.026785 0.030285
0 0.173309 0.070275 0.024266 0.024613
0 0.132203 0.047271 0.029937 0.025871
0 0.143951 0.241799 0.029496 0.034449
0 0.199182 0.244066 0.028777 0.032938
0 0.166072 0.370941 0.027605 0.034070
0 0.221662 0.508590 0.026848 0.031805
0 0.184053 0.525986 0.033316 0.032559
0 0.069662 0.577982 0.026887 0.031426
0 0.097633 0.692754 0.039016 0.046172
0 0.145463 0.667607 0.026473 0.027645
0 0.193318 0.657018 0.026887 0.029910
0 0.238697 0.634895 0.027645 0.039367
0 0.135631 0.819248 0.024957 0.028402
0 0.097248 0.825301 0.029121 0.032937
0 0.069283 0.836266 0.027645 0.030672
0 0.038443 0.850445 0.027230 0.035586
0 0.010146 0.845152 0.020293 0.026508
0 0.128635 0.903010 0.018527 0.025754
0 0.149244 0.894123 0.018910 0.023863
0 0.206914 0.867842 0.014750 0.027262
0 0.225633 0.858576 0.017398 0.027645
0 0.181955 0.960492 0.022309 0.027266
0 0.583561 0.989330 0.029121 0.021340
0 0.560322 0.958789 0.034074 0.031422
0 0.529502 0.929104 0.035887 0.032559
0 0.507758 0.893369 0.032484 0.030668
0 0.703096 0.925518 0.048027 0.049590
0 0.802533 0.808471 0.033691 0.032559
0 0.687762 0.847043 0.049125 0.039367
0 0.650684 0.803744 0.047648 0.042012
0 0.619504 0.767062 0.030594 0.026133
0 0.592844 0.719793 0.030969 0.036719
0 0.684906 0.643215 0.029117 0.027266
0 0.705346 0.688586 0.044207 0.042406
0 0.706336 0.485807 0.027836 0.027863
0 0.748090 0.360672 0.027312 0.030227
0 0.777633 0.375773 0.026523 0.031539
0 0.913334 0.256520 0.026473 0.029336
0 0.936023 0.147957 0.025211 0.033437
0 0.895057 0.141023 0.026473 0.032172
0 0.855508 0.126213 0.029305 0.032176
0 0.904512 0.032775 0.025211 0.027449
0 0.932244 0.039078 0.029621 0.028711
0 0.961551 0.046635 0.026469 0.031238
