0 0.428471 0.165760 0.025840 0.030285
0 0.454943 0.177105 0.025840 0.028391
0 0.488662 0.200584 0.041598 0.044465
0 0.585107 0.011562 0.034316 0.023125
0 0.331254 0.300008 0.043172 0.046039
0 0.377736 0.314336 0.027730 0.024922
0 0.422799 0.341604 0.037184 0.039738
0 0.249418 0.408303 0.045758 0.054113
0 0.299336 0.430426 0.045000 0.038609
0 0.670336 0.824625 0.026156 0.022375
0 0.692553 0.769477 0.025840 0.023633
0 0.727848 0.683604 0.026469 0.022059
0 0.739980 0.658076 0.029305 0.023949
0 0.772596 0.673361 0.025840 0.030566
0 0.761725 0.604348 0.027418 0.021742
0 0.784887 0.553295 0.029625 0.023637
0 0.805854 0.502402 0.028660 0.024578
0 0.817818 0.475932 0.032457 0.024582
0 0.827902 0.448828 0.029937 0.025211
0 0.839248 0.422516 0.025527 0.024266
0 0.874592 0.036023 0.045004 0.041977
0 0.979555 0.118273 0.040891 0.037813
