0 0.383098 0.158244 0.040461 0.045379
0 0.439254 0.180180 0.052187 0.051430
0 0.491062 0.199652 0.049164 0.046516
0 0.327131 0.301756 0.048785 0.048785
0 0.371941 0.319150 0.043109 0.042730
0 0.345471 0.451129 0.046137 0.050297
0 0.733857 0.156543 0.050371 0.039477
0 0.789219 0.307201 0.022234 0.024957
0 0.881111 0.350312 0.040840 0.057633
0 0.828699 0.450600 0.031313 0.024051
0 0.817582 0.473516 0.027227 0.025414
0 0.806463 0.501879 0.027684 0.022234
0 0.750639 0.631598 0.026918 0.023000
0 0.718467 0.710930 0.025168 0.022781
0 0.702053 0.744410 0.026918 0.022344
0 0.690127 0.770891 0.025387 0.022344
0 0.979479 0.117271 0.041043 0.043848
