0 0.374471 0.218568 0.070246 0.074059
0 0.183771 0.127395 0.076262 0.064289
0 0.166182 0.264037 0.075145 0.063715
0 0.302047 0.220475 0.050641 0.059355
0 0.430016 0.265670 0.069156 0.057176
0 0.169994 0.357971 0.070793 0.068613
0 0.286518 0.458977 0.079520 0.065875
0 0.164004 0.563539 0.071883 0.066977
0 0.257937 0.544209 0.071336 0.068613
0 0.297146 0.616633 0.064801 0.060992
0 0.346971 0.676533 0.074059 0.064254
0 0.210020 0.710297 0.065891 0.056633
0 0.251131 0.777275 0.077324 0.069699
0 0.302320 0.840986 0.069703 0.057723
0 0.343977 0.907693 0.063711 0.053910
0 0.645387 0.846432 0.034852 0.039207
0 0.616523 0.809949 0.042477 0.034852
0 0.819914 0.926209 0.095297 0.086582
0 0.931551 0.905518 0.039742 0.046285
0 0.501537 0.602596 0.058809 0.060184
0 0.457102 0.541822 0.073187 0.060184
0 0.415607 0.483992 0.069918 0.051688
0 0.512318 0.388914 0.059465 0.058875
0 0.628309 0.249072 0.041820 0.037965
0 0.573092 0.201697 0.039863 0.029473
0 0.886426 0.034375 0.086258 0.068750
