0 0.420762 0.198217 0.036305 0.046512
0 0.831527 0.702021 0.035297 0.042574
0 0.787250 0.719828 0.034352 0.041000
0 0.014117 0.398641 0.028234 0.035922
0 0.288578 0.397127 0.045039 0.032145
0 0.281393 0.357232 0.044285 0.034035
0 0.212377 0.328871 0.040879 0.038570
0 0.258135 0.279330 0.040121 0.037059
0 0.291811 0.217691 0.034793 0.047648
0 0.367064 0.202943 0.034035 0.038574
0 0.896760 0.701078 0.064285 0.062742
0 0.450447 0.231494 0.035926 0.038191
0 0.461982 0.266096 0.045379 0.035551
0 0.477109 0.303533 0.043109 0.034793
0 0.584299 0.298807 0.042770 0.034410
0 0.588457 0.260422 0.038234 0.031766
0 0.585242 0.213154 0.046930 0.041598
0 0.702488 0.178744 0.034039 0.040090
0 0.740496 0.180631 0.032898 0.037059
0 0.775287 0.281412 0.034410 0.038949
0 0.781146 0.360070 0.036301 0.035172
0 0.929053 0.638996 0.042559 0.037531
0 0.736672 0.705488 0.038445 0.039422
0 0.914979 0.840541 0.041754 0.050973
0 0.849064 0.839621 0.064863 0.060164
0 0.778299 0.841342 0.068699 0.081020
0 0.706766 0.838979 0.063023 0.061168
0 0.635072 0.845754 0.067121 0.078500
0 0.563680 0.851742 0.068102 0.079758
0 0.490885 0.861670 0.063059 0.064949
0 0.420768 0.868916 0.064004 0.064949
0 0.355377 0.879475 0.054863 0.057699
0 0.290459 0.875072 0.038480 0.034363
