0 0.479414 0.236145 0.053320 0.050297
0 0.449162 0.193225 0.039707 0.031012
0 0.425717 0.153330 0.035926 0.035168
0 0.485088 0.645883 0.049535 0.058992
0 0.339785 0.961822 0.052820 0.053910
0 0.383621 0.925064 0.051187 0.044652
0 0.320777 0.014551 0.040844 0.029102
0 0.456537 0.797902 0.037816 0.027984
0 0.468260 0.747418 0.037059 0.030633
0 0.503430 0.416527 0.027984 0.034414
0 0.393953 0.113055 0.033656 0.036305
0 0.267170 0.493545 0.025559 0.035926
0 0.736125 0.288484 0.030406 0.032719
0 0.505131 0.336734 0.031387 0.037438
