0 0.235264 0.628438 0.024895 0.024297
0 0.140408 0.974629 0.053887 0.048531
0 0.300023 0.817834 0.037813 0.035645
0 0.399447 0.822404 0.030566 0.033434
0 0.384479 0.756541 0.027730 0.018309
0 0.381959 0.733078 0.027730 0.016070
0 0.354699 0.665625 0.022375 0.026187
0 0.326811 0.659951 0.022691 0.031230
0 0.198078 0.591885 0.023633 0.021145
0 0.180904 0.569053 0.024582 0.017645
0 0.160262 0.526650 0.031195 0.019887
0 0.100859 0.515311 0.026469 0.014848
0 0.070922 0.475285 0.026469 0.014211
0 0.075490 0.584479 0.030566 0.020199
0 0.090145 0.610793 0.027734 0.018625
0 0.106061 0.633170 0.024895 0.022410
0 0.126857 0.653650 0.025527 0.023035
0 0.136404 0.453965 0.030754 0.020484
0 0.141787 0.402756 0.025762 0.023637
0 0.136010 0.374787 0.027863 0.022848
0 0.152160 0.352598 0.030227 0.021008
0 0.159785 0.331064 0.027617 0.019434
0 0.175533 0.290096 0.024973 0.028887
0 0.152818 0.235998 0.023137 0.017332
0 0.121303 0.229170 0.023137 0.017332
0 0.063398 0.224707 0.022875 0.016281
0 0.073771 0.168900 0.023137 0.018645
0 0.122879 0.174680 0.017359 0.023375
0 0.143756 0.170613 0.017098 0.026273
0 0.183938 0.174811 0.016570 0.026262
0 0.205732 0.174941 0.017098 0.030203
0 0.317080 0.167457 0.018145 0.024688
0 0.345178 0.158924 0.022348 0.030199
0 0.372219 0.151699 0.021312 0.032039
0 0.397701 0.156033 0.018145 0.027051
0 0.203359 0.040580 0.032898 0.020082
0 0.651348 0.148754 0.031953 0.034359
0 0.678377 0.171623 0.028668 0.031074
0 0.710971 0.180488 0.028691 0.034359
0 0.742047 0.181035 0.027813 0.038953
0 0.781439 0.184426 0.030879 0.039172
0 0.814936 0.190117 0.029113 0.030859
0 0.867564 0.240998 0.028887 0.030637
0 0.892514 0.263537 0.029762 0.032387
0 0.904877 0.290455 0.034793 0.025824
0 0.915709 0.323064 0.032387 0.028012
0 0.925811 0.352947 0.037402 0.028996
0 0.934018 0.465193 0.036676 0.029910
0 0.899404 0.540830 0.030652 0.025551
0 0.871227 0.606211 0.031203 0.025367
0 0.858553 0.637670 0.026645 0.032113
0 0.826000 0.664842 0.045430 0.050715
0 0.784973 0.677242 0.027914 0.033938
0 0.752688 0.675326 0.030109 0.034121
0 0.717219 0.675418 0.029195 0.034305
0 0.686398 0.685268 0.029195 0.037223
0 0.654164 0.777627 0.028086 0.031730
0 0.732264 0.783783 0.029926 0.036676
0 0.765090 0.793357 0.029563 0.041230
0 0.841594 0.773389 0.027922 0.035215
0 0.843609 0.842424 0.027172 0.031730
0 0.908357 0.844248 0.035543 0.027715
0 0.888289 0.886182 0.037383 0.026645
0 0.926221 0.932504 0.038113 0.028102
0 0.906799 0.964873 0.032824 0.029379
0 0.984857 0.952564 0.030285 0.026645
0 0.940375 0.160367 0.034406 0.031516
