0 0.099143 0.340645 0.025559 0.028992
0 0.906980 0.288490 0.039117 0.034348
0 0.956162 0.261230 0.029621 0.034664
0 0.869500 0.240115 0.028359 0.034035
0 0.840508 0.215693 0.031516 0.034348
0 0.816242 0.193635 0.034031 0.038129
0 0.781736 0.177090 0.038762 0.050422
0 0.710973 0.183549 0.033438 0.040652
0 0.678514 0.171418 0.027762 0.035922
0 0.334389 0.121785 0.030918 0.016703
0 0.424516 0.147152 0.019570 0.031516
0 0.344631 0.157238 0.021145 0.028992
0 0.267422 0.181188 0.018625 0.034664
0 0.291373 0.171262 0.022402 0.031828
0 0.316584 0.163854 0.019887 0.031512
0 0.300668 0.093895 0.019570 0.031516
0 0.220311 0.098465 0.018941 0.025523
0 0.162500 0.134865 0.028047 0.015121
0 0.204555 0.176301 0.017047 0.031828
0 0.182967 0.173309 0.016105 0.029625
0 0.160924 0.173781 0.018590 0.019227
0 0.120902 0.172994 0.020484 0.024582
0 0.111133 0.192689 0.032461 0.019855
0 0.106076 0.212541 0.025559 0.013551
0 0.152398 0.236020 0.028078 0.015758
0 0.193539 0.240117 0.025211 0.015125
0 0.188324 0.268162 0.029336 0.016387
0 0.158875 0.310234 0.026469 0.024266
0 0.924018 0.352775 0.037184 0.023004
0 0.152246 0.353240 0.031523 0.021410
0 0.143260 0.405246 0.025559 0.026469
0 0.132074 0.428881 0.032805 0.020801
0 0.136500 0.452516 0.030883 0.017648
0 0.150209 0.474260 0.024895 0.020801
0 0.074893 0.583139 0.030566 0.021113
0 0.125785 0.652783 0.017648 0.017332
0 0.146727 0.674527 0.024297 0.016703
0 0.214008 0.611973 0.025242 0.023320
0 0.257514 0.638443 0.020168 0.023949
0 0.276109 0.658928 0.023328 0.024582
0 0.300670 0.665230 0.018309 0.030883
0 0.326369 0.659400 0.021113 0.025527
0 0.356449 0.665703 0.025242 0.027414
0 0.384982 0.672164 0.021113 0.022063
0 0.390799 0.710139 0.030285 0.023004
0 0.384668 0.755518 0.030570 0.017332
0 0.401828 0.800107 0.025242 0.031512
0 0.137920 0.973008 0.055777 0.053984
0 0.215127 0.821063 0.052629 0.060820
0 0.918488 0.991600 0.036273 0.016801
0 0.907457 0.961141 0.041945 0.028359
0 0.925893 0.930416 0.037848 0.029309
0 0.943697 0.881098 0.036270 0.031516
0 0.887605 0.885035 0.035641 0.031828
0 0.886816 0.806568 0.030281 0.040020
0 0.824893 0.818229 0.024926 0.036871
0 0.798580 0.793490 0.026504 0.039074
0 0.764543 0.788615 0.031539 0.039410
0 0.734307 0.781199 0.030254 0.040969
0 0.693326 0.774896 0.025871 0.039074
0 0.652201 0.774896 0.029340 0.040965
0 0.649207 0.680516 0.031547 0.031828
0 0.684832 0.683824 0.029625 0.033406
0 0.717117 0.675156 0.029336 0.033719
0 0.753201 0.677207 0.033434 0.044117
0 0.789125 0.675473 0.030914 0.036867
0 0.823160 0.653256 0.029656 0.035926
0 0.858139 0.637184 0.025871 0.029625
0 0.872479 0.607719 0.034379 0.035609
0 0.912516 0.321895 0.035609 0.031828
0 0.889668 0.575418 0.034664 0.032773
0 0.899123 0.540754 0.031512 0.025211
0 0.930951 0.461641 0.036559 0.028984
0 0.927801 0.429045 0.040336 0.030582
0 0.927643 0.393430 0.054520 0.041281
