0 0.423871 0.475158 0.057039 0.041941
0 0.447820 0.371322 0.056406 0.046043
0 0.391885 0.366139 0.019535 0.027418
0 0.339887 0.333822 0.021430 0.027762
0 0.353123 0.271109 0.028363 0.020828
0 0.531646 0.100781 0.033090 0.025555
0 0.572141 0.227937 0.024578 0.031547
0 0.497455 0.188230 0.051684 0.047930
0 0.380068 0.196109 0.013551 0.017680
0 0.379281 0.169637 0.028992 0.023352
0 0.373291 0.141273 0.033402 0.025242
0 0.389514 0.118271 0.033707 0.024613
0 0.387787 0.091170 0.031512 0.020832
0 0.352494 0.754066 0.045379 0.057672
0 0.274498 0.734355 0.023004 0.030281
0 0.338313 0.632584 0.026469 0.032145
0 0.281115 0.538818 0.028676 0.025566
0 0.516678 0.433246 0.049160 0.045727
0 0.310895 0.419223 0.030883 0.027766
0 0.510273 0.766213 0.034414 0.047270
0 0.529369 0.693227 0.025715 0.030633
0 0.680256 0.623268 0.040082 0.046512
0 0.601977 0.548014 0.030250 0.023066
0 0.604057 0.396750 0.040465 0.048781
0 0.085576 0.687873 0.018910 0.025559
0 0.110943 0.741760 0.056410 0.046355
0 0.032318 0.843232 0.044746 0.042574
0 0.060680 0.941398 0.056727 0.047930
0 0.296400 0.971967 0.058613 0.056066
0 0.184369 0.923279 0.050105 0.040684
0 0.198867 0.874904 0.053258 0.040371
0 0.208006 0.823223 0.046324 0.041000
0 0.223289 0.774219 0.050422 0.038164
