0 0.704906 0.856943 0.080594 0.065348
0 0.435352 0.855854 0.083859 0.065348
0 0.430180 0.774988 0.085492 0.070250
0 0.422549 0.686498 0.074590 0.087129
0 0.409215 0.596648 0.069703 0.064258
0 0.676869 0.564791 0.074621 0.072426
0 0.682307 0.639666 0.081137 0.068613
0 0.687479 0.709914 0.071879 0.060992
0 0.694285 0.783428 0.074602 0.060988
0 0.859256 0.830260 0.072480 0.065348
0 0.855445 0.742588 0.083367 0.070793
0 0.855199 0.658727 0.083859 0.089305
0 0.845672 0.569693 0.078961 0.084402
0 0.266242 0.822635 0.031094 0.028316
0 0.255924 0.682688 0.045199 0.038117
0 0.128193 0.637223 0.039277 0.036477
0 0.031270 0.699568 0.030547 0.041387
0 0.097705 0.698752 0.063223 0.064801
0 0.048150 0.841424 0.066488 0.064801
0 0.116764 0.839518 0.046887 0.053363
0 0.219656 0.263684 0.069703 0.062133
0 0.383566 0.234551 0.067523 0.063766
0 0.376486 0.161574 0.065348 0.064867
0 0.661559 0.368127 0.064805 0.063223
0 0.655568 0.294887 0.082230 0.069211
0 0.648217 0.221943 0.078418 0.070246
0 0.640049 0.150309 0.070793 0.065398
0 0.798785 0.141867 0.068070 0.068125
0 0.813486 0.227906 0.075691 0.084461
0 0.817027 0.315307 0.076234 0.069754
