0 0.638604 0.931840 0.030879 0.030867
0 0.985730 0.218350 0.028539 0.030402
0 0.943531 0.275756 0.029539 0.034488
0 0.918117 0.301166 0.037711 0.028137
0 0.784023 0.288916 0.034531 0.039934
0 0.748650 0.292543 0.030855 0.031766
0 0.684189 0.294580 0.031809 0.037676
0 0.741020 0.413283 0.019539 0.030566
0 0.801842 0.434080 0.028363 0.027418
0 0.826105 0.454879 0.025211 0.023633
0 0.976740 0.488600 0.028363 0.023637
0 0.886613 0.807986 0.028992 0.023949
0 0.893859 0.870383 0.028359 0.028992
0 0.943809 0.870541 0.029305 0.023637
0 0.968547 0.807672 0.024578 0.044117
0 0.988242 0.934039 0.023008 0.028359
0 0.715338 0.968861 0.038762 0.030566
0 0.006311 0.782938 0.012621 0.030563
0 0.060033 0.779623 0.013457 0.014512
0 0.151666 0.325332 0.062668 0.065391
0 0.336125 0.378426 0.033188 0.037258
0 0.145992 0.123053 0.032719 0.028590
0 0.143725 0.155045 0.030902 0.028137
0 0.143949 0.191576 0.032266 0.027684
0 0.126504 0.229240 0.031766 0.028590
0 0.223592 0.261914 0.025457 0.032219
0 0.414410 0.251930 0.030453 0.038570
0 0.947842 0.082439 0.035441 0.028137
0 0.920621 0.106490 0.034523 0.027230
0 0.987773 0.166617 0.024453 0.028586
0 0.924926 0.147785 0.037711 0.029953
0 0.884539 0.205416 0.033172 0.030855
0 0.857311 0.231510 0.033176 0.030402
