0 0.367691 0.382033 0.037211 0.034488
0 0.363383 0.451916 0.047648 0.028137
0 0.372684 0.488674 0.042656 0.028137
0 0.295539 0.494801 0.033578 0.043109
0 0.269219 0.524523 0.032672 0.038117
0 0.268992 0.558783 0.035852 0.027684
0 0.275799 0.590094 0.038574 0.032219
0 0.512906 0.588506 0.031766 0.029043
0 0.618186 0.575803 0.029949 0.029043
0 0.462789 0.992168 0.028992 0.015664
0 0.678994 0.699232 0.033582 0.030855
0 0.727322 0.799975 0.027684 0.029043
0 0.769523 0.864639 0.031312 0.034035
0 0.808324 0.847395 0.032672 0.033125
0 0.853477 0.771613 0.031312 0.031313
0 0.821711 0.705813 0.033125 0.034031
0 0.787449 0.645684 0.030859 0.031766
