0 0.251633 0.439826 0.033922 0.023004
0 0.250863 0.377350 0.031961 0.023660
0 0.162018 0.253373 0.033699 0.025191
0 0.159605 0.660941 0.034930 0.030227
0 0.251195 0.281494 0.030422 0.024535
0 0.347693 0.276252 0.024621 0.018254
0 0.395564 0.303332 0.033191 0.020625
0 0.426834 0.249352 0.016613 0.024273
0 0.486477 0.268592 0.022797 0.014605
0 0.483104 0.315734 0.027355 0.018438
0 0.396748 0.327688 0.026113 0.017906
0 0.396104 0.351023 0.025184 0.017891
0 0.755861 0.769912 0.035715 0.029410
0 0.482459 0.356857 0.021715 0.016793
0 0.536072 0.389322 0.030840 0.036848
0 0.404766 0.450412 0.024641 0.019715
0 0.488473 0.519805 0.033758 0.022086
0 0.483184 0.549621 0.026461 0.020445
0 0.489932 0.579984 0.030840 0.020625
0 0.403398 0.603785 0.022633 0.015703
0 0.402115 0.666879 0.023371 0.016805
0 0.485738 0.678283 0.031570 0.025004
0 0.348596 0.743115 0.025730 0.031020
0 0.498049 0.738008 0.031387 0.029563
0 0.639656 0.167365 0.023430 0.020402
0 0.657730 0.273080 0.050734 0.045379
0 0.662457 0.320508 0.038133 0.029938
0 0.746426 0.320350 0.036586 0.028363
0 0.867752 0.272766 0.014527 0.015125
0 0.832943 0.478389 0.036871 0.042543
0 0.879412 0.472715 0.025871 0.037500
0 0.588869 0.551566 0.023637 0.031539
0 0.657543 0.572982 0.049633 0.041230
0 0.749822 0.725268 0.030988 0.028363
0 0.062965 0.248514 0.036500 0.027863
0 0.013822 0.280814 0.027645 0.027863
0 0.015004 0.316527 0.030008 0.026289
0 0.013822 0.491820 0.027645 0.027602
0 0.012771 0.543686 0.025543 0.030488
0 0.013166 0.615643 0.026332 0.026285
0 0.011721 0.651357 0.023441 0.028387
0 0.014479 0.724494 0.028957 0.029176
0 0.014084 0.795662 0.028168 0.024449
0 0.170635 0.795660 0.033879 0.030227
0 0.163412 0.761393 0.033613 0.032590
0 0.151727 0.693506 0.028625 0.028129
0 0.161707 0.628248 0.028625 0.029965
0 0.159342 0.595158 0.031777 0.029965
0 0.157242 0.561164 0.033875 0.030727
0 0.248369 0.661074 0.034402 0.029437
0 0.169848 0.912262 0.021797 0.028125
0 0.385582 0.939705 0.028891 0.018934
0 0.157859 0.446719 0.033703 0.023219
