0 0.792176 0.551355 0.027633 0.023852
0 0.492709 0.420707 0.021215 0.025375
0 0.491846 0.321689 0.025527 0.018309
0 0.403922 0.291594 0.048844 0.054547
0 0.353187 0.263059 0.051367 0.057352
0 0.301031 0.203182 0.018906 0.023949
0 0.238178 0.222879 0.050137 0.057672
0 0.197354 0.234225 0.035293 0.046324
0 0.178604 0.265742 0.033090 0.026797
0 0.175609 0.310172 0.053570 0.051367
0 0.232490 0.331600 0.032457 0.043176
0 0.358516 0.392578 0.034852 0.040898
0 0.542398 0.469299 0.031047 0.034449
0 0.581916 0.474783 0.028402 0.034074
0 0.667758 0.549279 0.034453 0.029535
0 0.674377 0.514111 0.032559 0.026512
0 0.687422 0.478186 0.033695 0.025754
0 0.628807 0.372869 0.050332 0.057137
0 0.670594 0.387049 0.027266 0.033316
0 0.708787 0.406525 0.033316 0.032184
0 0.797277 0.391021 0.027266 0.022348
0 0.753600 0.453229 0.031426 0.037855
0 0.811080 0.518459 0.033691 0.031426
0 0.876123 0.499174 0.028402 0.034449
0 0.939674 0.596930 0.038191 0.031805
0 0.937764 0.633801 0.034449 0.029156
0 0.803896 0.668967 0.027645 0.031426
0 0.775154 0.682961 0.032184 0.040500
0 0.869316 0.688443 0.030672 0.034074
0 0.905053 0.702436 0.028777 0.032559
0 0.985246 0.682959 0.029508 0.032184
0 0.729605 0.757646 0.030250 0.029535
0 0.765529 0.777311 0.029496 0.031801
0 0.800131 0.797920 0.031387 0.034449
0 0.829420 0.815693 0.037855 0.031426
0 0.840010 0.852375 0.037855 0.026133
0 0.823748 0.880547 0.028777 0.031805
0 0.791793 0.902291 0.020836 0.026887
0 0.762127 0.893027 0.025715 0.026508
0 0.688197 0.853697 0.045754 0.052980
0 0.955348 0.875252 0.029531 0.040879
0 0.838119 0.966580 0.030293 0.043527
0 0.557164 0.971135 0.035547 0.032145
0 0.367139 0.977531 0.051051 0.044937
0 0.262939 0.937650 0.037098 0.035582
0 0.240836 0.985096 0.037438 0.029809
0 0.088795 0.978479 0.063191 0.043043
0 0.009211 0.550617 0.018422 0.054836
0 0.045680 0.582762 0.053258 0.059875
0 0.098465 0.610178 0.050422 0.059246
0 0.158025 0.644842 0.047902 0.052941
0 0.408869 0.497201 0.031512 0.034348
0 0.343953 0.555029 0.028359 0.031512
0 0.316064 0.584336 0.026785 0.032141
0 0.211912 0.546205 0.052309 0.063660
0 0.161176 0.517686 0.047273 0.064605
0 0.107445 0.492633 0.055781 0.055461
0 0.051037 0.466477 0.052629 0.052313
