0 0.767594 0.387148 0.070641 0.063453
0 0.626445 0.576979 0.057570 0.034043
0 0.036172 0.168893 0.072344 0.067371
0 0.409824 0.168240 0.075211 0.060840
0 0.417371 0.260084 0.078414 0.088871
0 0.411816 0.372805 0.097367 0.084297
0 0.411457 0.465238 0.081094 0.066719
0 0.417994 0.571752 0.078480 0.069332
0 0.418973 0.655068 0.068680 0.066066
0 0.418973 0.734791 0.071289 0.067371
0 0.416064 0.811277 0.069270 0.073844
0 0.205291 0.933768 0.081746 0.070637
0 0.245480 0.729889 0.075867 0.068027
0 0.238291 0.571100 0.075863 0.078480
0 0.241559 0.373752 0.079789 0.074559
0 0.243518 0.266912 0.069332 0.067371
0 0.036500 0.388131 0.073000 0.069332
0 0.037152 0.481900 0.074305 0.075215
0 0.031926 0.571098 0.063852 0.066719
0 0.037479 0.658660 0.074957 0.066719
0 0.038459 0.733482 0.076918 0.066066
0 0.782623 0.825621 0.068027 0.069984
0 0.781971 0.727602 0.069332 0.063453
0 0.780336 0.646246 0.079133 0.062797
0 0.779029 0.571752 0.084363 0.073254
0 0.873453 0.605076 0.073250 0.078480
0 0.616645 0.311674 0.065414 0.060184
0 0.767268 0.290111 0.090895 0.083707
