0 0.775465 0.521846 0.029938 0.022059
0 0.258510 0.707437 0.042527 0.036539
0 0.412891 0.722957 0.025648 0.025102
0 0.375043 0.811719 0.042531 0.047977
0 0.481232 0.785852 0.022926 0.023469
0 0.534324 0.766520 0.025648 0.027281
0 0.748877 0.678031 0.026738 0.024563
0 0.704088 0.604725 0.025840 0.023949
0 0.806977 0.603148 0.029937 0.025211
0 0.796420 0.576521 0.028363 0.023637
0 0.785391 0.550049 0.025844 0.023637
0 0.653193 0.541857 0.024895 0.026785
0 0.600881 0.563600 0.021746 0.027418
0 0.496414 0.605514 0.018281 0.029309
0 0.470260 0.617646 0.018277 0.027730
0 0.442369 0.628203 0.019223 0.027414
0 0.920539 0.471227 0.022312 0.027266
0 0.859467 0.464799 0.029496 0.024238
0 0.925266 0.631756 0.024203 0.022348
0 0.914867 0.605096 0.026844 0.021215
0 0.904277 0.577680 0.029117 0.026133
0 0.892176 0.549885 0.026094 0.024238
