0 0.542311 0.259553 0.064895 0.071699
0 0.214016 0.158744 0.060852 0.075832
0 0.379400 0.314916 0.073059 0.080777
0 0.457906 0.289277 0.065797 0.085766
0 0.181887 0.946525 0.048148 0.058129
0 0.289438 0.903643 0.038164 0.042246
0 0.138322 0.960820 0.030902 0.041344
0 0.336857 0.892752 0.044066 0.054957
0 0.418768 0.965105 0.078098 0.069789
0 0.622178 0.225746 0.055816 0.070336
0 0.709305 0.196250 0.063984 0.078508
0 0.785762 0.166977 0.068086 0.081672
0 0.852250 0.138164 0.059445 0.070336
0 0.976137 0.149281 0.043109 0.037211
0 0.952992 0.206232 0.044922 0.038574
0 0.980014 0.369143 0.039973 0.061262
0 0.967760 0.433357 0.064480 0.061715
0 0.862461 0.379129 0.066250 0.063078
0 0.752422 0.392289 0.037656 0.042203
0 0.639195 0.413617 0.037211 0.047648
0 0.576799 0.435170 0.039480 0.040840
0 0.541072 0.595744 0.037691 0.041793
0 0.580770 0.580316 0.033625 0.044516
0 0.620023 0.563072 0.038617 0.039980
0 0.659729 0.546736 0.035441 0.047238
0 0.731203 0.524500 0.037711 0.044516
0 0.809254 0.491146 0.037711 0.044973
0 0.485020 0.733471 0.066297 0.060402
0 0.174627 0.846691 0.047238 0.039977
0 0.085455 0.980535 0.035895 0.038930
