0 0.589930 0.871066 0.035477 0.020133
0 0.600436 0.947660 0.032848 0.020570
0 0.883725 0.323785 0.034832 0.029156
0 0.586756 0.846117 0.032191 0.019258
0 0.578352 0.591680 0.039945 0.034141
0 0.554455 0.480857 0.062527 0.056199
0 0.528715 0.418260 0.062711 0.068699
0 0.513416 0.935457 0.035324 0.022375
0 0.509020 0.908514 0.034664 0.022691
0 0.473236 0.756619 0.050770 0.044746
0 0.468209 0.699895 0.051996 0.047898
0 0.461436 0.638760 0.047270 0.046012
0 0.314408 0.304561 0.033121 0.031199
0 0.578172 0.226029 0.055250 0.049957
0 0.008320 0.412328 0.016641 0.017883
0 0.101580 0.425066 0.036004 0.023398
0 0.252848 0.677650 0.045797 0.035996
0 0.118855 0.707197 0.057680 0.052230
0 0.275379 0.800619 0.054711 0.046176
0 0.946500 0.065123 0.030289 0.024621
0 0.843451 0.071172 0.033691 0.029156
0 0.740781 0.156447 0.065836 0.072645
0 0.666471 0.120902 0.050332 0.046930
0 0.881834 0.423051 0.059785 0.057516
0 0.954191 0.029533 0.034086 0.023473
0 0.822650 0.453113 0.051090 0.057141
0 0.785971 0.488473 0.029910 0.028781
0 0.888451 0.567697 0.054113 0.055629
0 0.749289 0.767932 0.057141 0.053738
0 0.599012 0.973156 0.024313 0.015977
0 0.590805 0.897984 0.024094 0.017945
