0 0.148602 0.240654 0.067617 0.084902
0 0.080986 0.261980 0.071246 0.085812
0 0.277479 0.252225 0.037668 0.037254
0 0.365742 0.291250 0.043562 0.038164
0 0.394557 0.237477 0.059449 0.052234
0 0.414068 0.180299 0.045832 0.035895
0 0.447650 0.131064 0.044020 0.040887
0 0.502105 0.099523 0.046742 0.039523
0 0.556334 0.135826 0.034488 0.040434
0 0.574713 0.214107 0.044926 0.041793
0 0.509596 0.347521 0.040832 0.030902
0 0.408625 0.392900 0.057633 0.066301
0 0.483273 0.401750 0.041750 0.036805
0 0.478963 0.476623 0.066707 0.062215
0 0.638016 0.420580 0.078961 0.067207
0 0.772793 0.296924 0.058086 0.056770
0 0.838139 0.326873 0.049918 0.053137
0 0.898492 0.338445 0.036305 0.039977
0 0.902123 0.201854 0.049012 0.057223
0 0.772111 0.137643 0.033129 0.030449
0 0.422375 0.710623 0.036305 0.035395
0 0.067510 0.606703 0.040840 0.042656
0 0.026441 0.620318 0.038570 0.047191
0 0.139662 0.533645 0.051730 0.036305
0 0.158494 0.476693 0.071246 0.063074
0 0.197746 0.414523 0.042656 0.034031
0 0.222707 0.360977 0.041750 0.036758
