0 0.073270 0.545701 0.036273 0.030254
0 0.211141 0.479209 0.047930 0.034035
0 0.352320 0.436980 0.037219 0.042859
0 0.375641 0.516236 0.042891 0.036238
0 0.333885 0.581469 0.067785 0.064602
0 0.309619 0.645756 0.046988 0.036238
0 0.390137 0.750223 0.034695 0.049789
0 0.439453 0.716818 0.076609 0.065551
0 0.461355 0.640555 0.080078 0.077523
0 0.634521 0.628740 0.064004 0.067754
0 0.698178 0.639768 0.036902 0.038129
0 0.798234 0.577215 0.083227 0.085719
0 0.628691 0.467707 0.051711 0.058930
0 0.623807 0.296746 0.033754 0.039078
0 0.948395 0.446592 0.068414 0.077207
0 0.924443 0.595965 0.064004 0.055781
0 0.140234 0.652848 0.071883 0.061766
0 0.206430 0.685305 0.062398 0.068070
0 0.273867 0.779844 0.078781 0.065547
0 0.064604 0.833268 0.066207 0.063957
0 0.163555 0.591396 0.050453 0.037816
