0 0.299713 0.615668 0.082137 0.064938
0 0.822027 0.923789 0.066180 0.086977
0 0.890664 0.944969 0.038570 0.039328
0 0.932432 0.910934 0.037473 0.049914
0 0.645785 0.851752 0.041258 0.030629
0 0.617633 0.812613 0.039328 0.035547
0 0.622949 0.255051 0.066000 0.054891
0 0.169477 0.366762 0.083047 0.075375
0 0.164938 0.264885 0.080320 0.062215
0 0.230283 0.223818 0.067613 0.079004
0 0.302891 0.221549 0.069430 0.072652
0 0.432221 0.132379 0.038574 0.041344
0 0.375951 0.223363 0.068520 0.076281
0 0.429953 0.268062 0.057633 0.064938
0 0.471709 0.330459 0.059434 0.065395
0 0.501652 0.610676 0.064891 0.064938
0 0.460355 0.550320 0.058539 0.060398
0 0.415885 0.487471 0.062168 0.058129
0 0.375045 0.429158 0.071246 0.063121
0 0.296539 0.367215 0.063078 0.070836
0 0.162896 0.651062 0.066254 0.057680
0 0.211225 0.709602 0.062168 0.058586
0 0.253654 0.781074 0.060809 0.049961
0 0.305842 0.846420 0.056270 0.047238
0 0.340557 0.917891 0.066707 0.053141
0 0.390246 0.749307 0.067164 0.062668
0 0.348725 0.682146 0.062168 0.060855
0 0.708553 0.221721 0.072535 0.086246
