0 0.900113 0.895201 0.031398 0.035926
0 0.090289 0.288029 0.058539 0.053137
0 0.262049 0.239475 0.035395 0.029543
0 0.240949 0.287576 0.033125 0.028637
0 0.207822 0.334543 0.059449 0.049961
0 0.171518 0.448670 0.038574 0.030449
0 0.206461 0.474311 0.031313 0.031809
0 0.282018 0.450258 0.060809 0.049055
0 0.312871 0.388086 0.065352 0.047266
0 0.341873 0.335871 0.060824 0.046672
0 0.368186 0.281510 0.054832 0.046355
0 0.502590 0.410713 0.026813 0.031512
0 0.480805 0.387867 0.029414 0.027313
0 0.493016 0.355695 0.033875 0.028625
0 0.518082 0.332063 0.028391 0.028625
0 0.551434 0.308426 0.036789 0.029148
0 0.557617 0.273238 0.031250 0.031250
0 0.689010 0.154139 0.045957 0.045957
0 0.763506 0.192654 0.027051 0.026551
0 0.794361 0.201715 0.022582 0.028391
0 0.823117 0.179918 0.029148 0.029437
0 0.838348 0.150113 0.038078 0.028125
0 0.829682 0.116760 0.041754 0.030754
0 0.799877 0.096539 0.029410 0.034430
0 0.766787 0.075926 0.029410 0.031539
0 0.731990 0.055572 0.030199 0.029176
0 0.954021 0.175455 0.028902 0.038895
0 0.838742 0.265793 0.030461 0.043094
0 0.760387 0.938879 0.039328 0.044625
0 0.728244 0.603641 0.028738 0.031391
