0 0.077664 0.588574 0.026156 0.020828
0 0.142477 0.975861 0.064438 0.048277
0 0.144064 0.925152 0.055816 0.051320
0 0.141115 0.873217 0.050824 0.039027
0 0.140410 0.821914 0.032266 0.038164
0 0.008615 0.767459 0.017230 0.029090
0 0.218486 0.827156 0.028590 0.038570
0 0.259758 0.827586 0.031359 0.038617
0 0.370053 0.822846 0.030402 0.039027
0 0.889395 0.891346 0.032719 0.030902
0 0.803627 0.797863 0.029090 0.041797
0 0.695172 0.778805 0.039070 0.043609
0 0.652742 0.782889 0.027727 0.035441
0 0.721061 0.732541 0.039027 0.024504
0 0.687229 0.692357 0.029543 0.041340
0 0.866273 0.687162 0.037211 0.028137
0 0.944324 0.813996 0.031766 0.030406
0 0.964973 0.836889 0.041297 0.030902
0 0.977680 0.632457 0.036758 0.032266
0 0.890074 0.582541 0.039523 0.030449
0 0.930461 0.434150 0.034078 0.026816
0 0.987365 0.399457 0.025270 0.032672
0 0.901420 0.295289 0.034988 0.028633
0 0.845604 0.217918 0.035895 0.031813
0 0.815555 0.193666 0.029672 0.034137
0 0.742680 0.182902 0.031516 0.036773
0 0.710643 0.188150 0.028363 0.033090
0 0.357346 0.159049 0.019535 0.030918
0 0.334814 0.165666 0.021746 0.027762
0 0.290064 0.176539 0.019855 0.030602
0 0.269424 0.187725 0.018277 0.032176
0 0.301883 0.095865 0.017016 0.024926
0 0.276041 0.096967 0.020168 0.031543
0 0.248627 0.100906 0.018277 0.028711
0 0.220895 0.100434 0.020797 0.031547
0 0.149201 0.066557 0.018590 0.023668
0 0.084598 0.042135 0.035609 0.029652
0 0.226881 0.209471 0.014496 0.026504
0 0.205924 0.179059 0.019223 0.024297
0 0.184811 0.180162 0.017332 0.020199
0 0.162910 0.179061 0.017648 0.021777
0 0.112330 0.198439 0.021113 0.017051
0 0.110281 0.217189 0.024578 0.017363
0 0.123834 0.232947 0.023949 0.015473
0 0.075301 0.237045 0.023320 0.031230
0 0.193949 0.243189 0.024266 0.013895
0 0.186545 0.274230 0.026473 0.020516
0 0.163697 0.336467 0.021113 0.014527
0 0.151400 0.356164 0.024910 0.018625
0 0.137227 0.374441 0.019852 0.020516
0 0.098312 0.396973 0.018266 0.032805
0 0.066479 0.421240 0.030254 0.018941
0 0.132814 0.434791 0.024895 0.014527
0 0.137697 0.453225 0.023949 0.015473
0 0.148570 0.495295 0.025523 0.018941
0 0.155662 0.513895 0.024582 0.016430
0 0.069156 0.541621 0.023633 0.017680
0 0.010701 0.532797 0.020168 0.027766
0 0.092793 0.614732 0.028047 0.018309
0 0.180242 0.630959 0.025211 0.023035
0 0.191271 0.589994 0.020168 0.021145
0 0.181658 0.571873 0.026785 0.015785
0 0.125881 0.659008 0.023637 0.019883
0 0.108076 0.636160 0.023949 0.017047
0 0.119574 0.714471 0.028039 0.020512
0 0.382236 0.737732 0.023098 0.019301
0 0.391127 0.713721 0.032066 0.019301
