0 0.858768 0.416871 0.032824 0.024969
0 0.622559 0.716361 0.040484 0.028105
0 0.707543 0.716725 0.038664 0.028832
0 0.702889 0.751193 0.038121 0.028832
0 0.620453 0.753199 0.038500 0.026641
0 0.622287 0.790312 0.040668 0.027922
0 0.707990 0.823502 0.035215 0.029379
0 0.621365 0.859338 0.038863 0.026645
0 0.710826 0.861160 0.041215 0.029562
0 0.935908 0.891977 0.027793 0.026281
0 0.810074 0.865715 0.023852 0.034602
0 0.860627 0.793498 0.026918 0.031098
0 0.948492 0.796014 0.029328 0.026066
0 0.948164 0.763078 0.028672 0.027594
0 0.949148 0.628162 0.036328 0.029566
0 0.954941 0.571043 0.031289 0.022562
0 0.952650 0.538766 0.030637 0.024531
0 0.951109 0.477707 0.030656 0.023656
0 0.858328 0.547191 0.033703 0.023438
0 0.857672 0.515676 0.033703 0.025187
0 0.955277 0.412594 0.031953 0.024734
0 0.945758 0.351436 0.033484 0.024535
0 0.497088 0.207076 0.029543 0.028230
0 0.849805 0.083572 0.025625 0.016215
0 0.780619 0.284246 0.032098 0.023891
0 0.217133 0.343154 0.036789 0.028887
0 0.227527 0.373463 0.023438 0.022105
0 0.283879 0.465268 0.025844 0.024512
0 0.284535 0.531795 0.023219 0.027574
0 0.236500 0.579830 0.026937 0.023418
0 0.225340 0.675135 0.040070 0.028449
0 0.230373 0.710588 0.031754 0.025824
0 0.233109 0.747135 0.038539 0.026699
0 0.234094 0.784229 0.037008 0.030855
0 0.234094 0.819135 0.037883 0.027574
0 0.226648 0.863232 0.038766 0.031293
0 0.384437 0.854588 0.038758 0.032824
0 0.388158 0.769670 0.042254 0.033715
0 0.390455 0.724814 0.031973 0.031074
0 0.384449 0.679951 0.039609 0.028012
0 0.472850 0.888617 0.036566 0.030859
0 0.471975 0.853494 0.035254 0.028449
0 0.472422 0.817604 0.037859 0.028449
0 0.467816 0.742648 0.041383 0.032609
0 0.383891 0.635416 0.043789 0.026918
0 0.468154 0.571842 0.047270 0.029762
0 0.469031 0.527855 0.040266 0.030203
0 0.381811 0.496123 0.037004 0.029762
0 0.382697 0.460344 0.043113 0.033922
0 0.387172 0.423359 0.039414 0.033922
0 0.466066 0.411104 0.039195 0.032168
0 0.514758 0.389002 0.030656 0.028668
0 0.382588 0.357814 0.035449 0.027574
0 0.709275 0.345150 0.039207 0.027559
0 0.709176 0.380266 0.038312 0.025531
0 0.711270 0.417096 0.034492 0.031379
0 0.620818 0.379709 0.040684 0.028832
0 0.711271 0.525512 0.037770 0.027922
0 0.712094 0.560252 0.038312 0.027738
0 0.618365 0.556150 0.030270 0.027559
0 0.619732 0.589980 0.038480 0.025914
0 0.714189 0.592076 0.031934 0.029746
0 0.711545 0.644326 0.027738 0.029926
0 0.707717 0.679705 0.032113 0.029199
