1 0.266187 0.913498 0.009525 0.034486
1 0.539763 0.064856 0.018575 0.050288
1 0.444725 0.126790 0.021900 0.059671
1 0.406850 0.231481 0.019550 0.054156
1 0.693625 0.320885 0.018600 0.047942
1 0.750313 0.353807 0.022375 0.052634
1 0.768775 0.535658 0.018100 0.051481
1 0.161900 0.878683 0.012300 0.040165
1 0.598213 0.367346 0.022875 0.060370
1 0.545325 0.410082 0.020000 0.050206
1 0.589387 0.471626 0.019525 0.050988
1 0.553200 0.580617 0.026200 0.038436
1 0.048025 0.722963 0.021950 0.061152
1 0.202338 0.692366 0.021925 0.047037
1 0.263788 0.744136 0.028575 0.036091
1 0.315000 0.782942 0.013800 0.044733
1 0.245925 0.911152 0.010000 0.058025
1 0.221638 0.899774 0.012875 0.025885
1 0.194013 0.890761 0.014775 0.043909
1 0.150888 0.870782 0.012375 0.040000
1 0.160663 0.793539 0.023325 0.061152
1 0.184000 0.811173 0.021450 0.060370
1 0.200437 0.819815 0.015225 0.055679
1 0.213775 0.827654 0.012400 0.044691
1 0.319050 0.867222 0.017150 0.045473
1 0.269275 0.844897 0.015700 0.050947
1 0.440300 0.310885 0.026200 0.047860
1 0.290712 0.922901 0.015725 0.045473
1 0.407650 0.382634 0.034300 0.032922
1 0.347150 0.308148 0.033350 0.021975
1 0.293575 0.416749 0.026200 0.050947
1 0.356925 0.465370 0.035750 0.032140
1 0.444100 0.445761 0.026200 0.033745
1 0.421237 0.512798 0.030975 0.026667
1 0.386463 0.584547 0.022375 0.022757
1 0.339537 0.612778 0.026675 0.019630
1 0.316900 0.543786 0.025250 0.019588
1 0.274750 0.556317 0.022850 0.022757
1 0.426000 0.657469 0.028100 0.024321
1 0.603450 0.626502 0.021900 0.053333
1 0.577963 0.946049 0.023325 0.046255
1 0.510550 0.752366 0.021900 0.035267
1 0.443150 0.763333 0.018600 0.044691
1 0.363125 0.755103 0.030000 0.029794
1 0.342150 0.685700 0.025250 0.025885
1 0.284525 0.633169 0.024300 0.029053
1 0.246875 0.641399 0.027150 0.032922
1 0.092063 0.586523 0.024275 0.048601
1 0.072538 0.650412 0.034775 0.068230
